4294967279,77
4294967279,76
4294967279,75
4294967279,74
4294967279,73
4294967279,90
4294967279,89
4294967279,87
4294967279,86
4294967279,85
4294967279,84
4294967279,83
4294967279,82
4294967279,81
4294967279,80
4294967279,79
4294967279,78
4294967279,288
4294967278,307
4294967278,306
4294967279,297
4294967278,305
4294967279,144
4294967278,144
4294967279,104
4294967279,103
4294967279,102
4294967279,101
4294967279,100
4294967279,99
4294967279,98
4294967279,97
4294967279,96
4294967279,95
4294967279,94
4294967279,93
4294967279,92
4294967279,91
4294967279,317
4294967278,293
4294967279,296
4294967278,304
4294967278,292
4294967279,314
4294967278,140
4294967279,295
4294967278,303
4294967279,138
4294967278,138
4294967279,129
4294967279,128
4294967279,127
4294967279,126
4294967279,125
4294967279,124
4294967279,123
4294967279,122
4294967279,121
4294967279,120
4294967279,119
4294967279,118
4294967279,117
4294967279,116
4294967279,115
4294967279,114
4294967279,113
4294967279,112
4294967279,111
4294967279,110
4294967279,109
4294967279,108
4294967279,107
4294967279,106
4294967279,105
4294967279,272
4294967278,277
4294967279,136
4294967294,61
4294967278,136
4294967279,135
4294967278,326
4294967278,289
4294967279,283
4294967278,133
4294967278,43
4294967278,42
4294967278,41
4294967278,40
4294967278,39
4294967278,38
4294967278,37
4294967278,36
4294967278,35
4294967278,34
4294967278,33
4294967278,32
4294967278,31
4294967278,30
4294967278,29
4294967278,28
4294967278,27
4294967278,26
4294967278,25
4294967278,24
4294967278,23
4294967278,22
4294967278,21
4294967278,19
4294967278,17
4294967278,16
4294967278,15
4294967278,14
4294967278,322
4294967278,13
4294967278,12
4294967278,11
4294967278,301
4294967278,10
4294967278,9
4294967278,8
4294967278,7
4294967278,6
4294967278,5
4294967278,4
4294967279,132
4294967279,131
4294967279,130
4294967279,174
4294967279,46
4294967279,43
4294967279,41
4294967279,40
4294967279,39
4294967279,36
4294967279,35
4294967279,34
4294967279,31
4294967279,29
4294967279,27
4294967279,26
4294967279,24
4294967279,23
4294967279,22
4294967279,21
4294967279,16
4294967279,15
4294967279,13
4294967278,20
4294967278,323
4294967279,269
4294967278,288
4294967279,17
4294967279,280
4294967294,198
4294967278,18
4294967278,287
4294967278,275
4294967279,18
4294967278,274
33,5
4294967294,182
4294967294,195
4294967294,995
4294967279,277
4294967278,270
4294967279,265
33,4
33,3
33,2
33,1
4294967279,264
4294967279,263
4294967294,1418
4294967278,360
4294967279,273
4294967279,259
4294967279,258
4294967278,359
4294967279,257
4294967279,291
4294967279,256
4294967279,255
4294967279,420
4294967279,254
32,5
32,4
4294967279,253
32,3
32,2
32,1
4294967279,419
4294967278,258
4294967279,418
4294967278,358
4294967279,417
4294967278,357
4294967278,356
4294967279,416
4294967278,355
4294967279,415
4294967278,354
4294967279,414
4294967278,353
30,4
4294967279,413
30,3
30,2
30,1
4294967278,352
4294967279,412
4294967279,411
4294967278,254
4294967294,436
4294967294,408
4294967294,396
4294967294,1415
4294967294,400
4294967294,148
4294967294,385
4294967294,420
4294967294,177
4294967294,415
4294967294,405
4294967294,453
4294967294,417
4294967294,464
4294967294,190
4294967294,116
4294967294,449
4294967278,351
4294967278,350
4294967279,410
4294967279,409
4294967278,253
29,6
4294967294,471
4294967278,246
4294967279,408
4294967278,249
4294967278,247
29,5
4294967278,244
4294967278,242
29,4
29,3
29,2
29,1
4294967278,240
4294967278,238
4294967278,237
4294967278,349
4294967278,348
4294967279,407
4294967278,236
28,5
4294967278,232
28,4
4294967278,230
28,3
28,2
28,1
4294967278,229
4294967278,228
4294967278,227
4294967278,220
4294967278,223
4294967278,221
27,5
4294967278,218
4294967278,216
27,4
27,3
27,2
27,1
4294967278,214
4294967279,406
4294967278,213
4294967278,212
4294967278,347
4294967279,405
4294967279,404
4294967278,211
26,5
4294967278,209
26,4
4294967278,208
26,3
26,2
26,1
4294967278,346
4294967294,468
4294967278,207
4294967278,206
4294967294,89
4294967294,170
4294967294,1001
4294967294,1006
4294967278,205
4294967278,204
25,4
25,3
25,2
25,1
4294967279,403
4294967278,203
0,7
4294967294,393
4294967294,392
4294967294,388
4294967294,389
4294967294,114
4294967294,2
4294967294,435
4294967294,128
4294967294,185
4294967278,345
4294967294,0
